6+1 bit inputs
x x  a b  t
x x  c d
x x  e f

Output: - 36
0-9 (10)
A-Z (26)

Input values
  a b c d e f t
0 0 1 1 1 0 0 0 
1 1 0 0 0 0 0 0 
2 1 0 1 0 0 0 0 
3 1 1 0 0 0 0 0 
4 1 1 0 1 0 0 0 
5 1 0 0 1 0 0 0 
6 1 1 1 0 0 0 0 
7 1 1 1 1 0 0 0 
8 1 0 1 1 0 0 0 
9 0 1 1 0 0 0 0 
A 1 0 0 0 0 0 1 
B 1 0 1 0 0 0 1 
C 1 1 0 0 0 0 1 
D 1 1 0 1 0 0 1 
E 1 0 0 1 0 0 1 
F 1 1 1 0 0 0 1 
G 1 1 1 1 0 0 1 
H 1 0 1 1 0 0 1 
I 0 1 1 0 0 0 1 
J 0 1 1 1 0 0 1 
K 1 0 0 0 1 0 1 
L 1 0 1 0 1 0 1 
M 1 1 0 0 1 0 1 
N 1 1 0 1 1 0 1 
O 1 0 0 1 1 0 1 
P 1 1 1 0 1 0 1 
Q 1 1 1 1 1 0 1 
R 1 0 1 1 1 0 1 
S 0 1 1 0 1 0 1 
T 0 1 1 1 1 0 1 
U 1 0 0 0 1 1 1 
V 1 0 1 0 1 1 1 
W 0 1 1 1 0 1 1 
X 1 1 0 0 1 1 1 
Y 1 1 0 1 1 1 1 
Z 1 0 0 1 1 1 1 

Output values
0 0 0 0 0 0 
0 0 0 0 0 1 
0 0 0 0 1 0 
0 0 0 0 1 1 
0 0 0 1 0 0 
0 0 0 1 0 1 
0 0 0 1 1 0 
0 0 0 1 1 1 
0 0 1 0 0 0 
0 0 1 0 0 1 
0 0 1 0 1 0 
0 0 1 0 1 1 
0 0 1 1 0 0 
0 0 1 1 0 1 
0 0 1 1 1 0 
0 0 1 1 1 1 
0 1 0 0 0 0 
0 1 0 0 0 1 
0 1 0 0 1 0 
0 1 0 0 1 1 
0 1 0 1 0 0 
0 1 0 1 0 1 
0 1 0 1 1 0 
0 1 0 1 1 1 
0 1 1 0 0 0 
0 1 1 0 1 0 
0 1 1 0 0 1 
0 1 1 0 1 0 
0 1 1 0 1 1 
0 1 1 1 0 0 
0 1 1 1 1 0 
0 1 1 1 1 1 
1 0 0 0 0 0 
1 0 0 0 0 1 
1 0 0 0 1 0 
1 0 0 0 1 1 


Y0 = bfd' + ctb' + dfb' + actd' + a'd't' + b'c't' + c'd't' +dta'f' + abcdt' + bdtc'f'
Y1 = fb' + abde + acde + abct' + acd'e' + bec'f' + bc'd't' + ta'e'f' + tb'c'e'
Y2 = ea' + dc'e' + eb'd'+ abct' + btc'f' + abcd'e'
Y3 = bce + fb'd' + tc'e' + a'd't' + atd'e' + cdb't' +deb'f'
Y4 = ef' + fb'd' + ta'f' + cdtf'
Y5 = fd + fb